46
6
33
13
13
43
43
43
12
24
14
35
35
19
8
22
22
3
36
29
36
29
29
48
48
48
24
0
0
0
35
42
19
49
16
16
9
9
12
9
9
12
12
20
0
0
14
42
42
41
19
42
42
4
11
11
11
28
28
12
0
0
14
37
37
35
14
41
45
40
41
41
30
30
30
30
30
24
14
0
35
35
14
39
14
39
7
20
39
39
46
33
33
33
33
43
43
43
14
37
37
32
35
8
8
8
3
3
17
18
18
18
18
32
32
20
32
20
47
42
47
42
47
27
27
27
1
1
1
1
9
12
24
47
24
47
47
37
42
49
49
44
4
44
11
11
28
28
28
20
32
32
20
47
20
39
47
31
40
37
10
40
5
15
15
23
23
23
32
20
47
32
32
20
7
7
7
7
7
31
6
6
33
33
33
43
43
43
14
14
35
19
8
8
22
22
22
3
36
29
29
29
18
12
48
48
48
0
35
0
49
42
49
49
16
16
29
9
9
9
9
24
24
48
24
14
37
35
19
42
19
42
49
42
38
11
11
11
28
28
24
0
24
32
37
14
14
14
45
41
45
41
25
30
30
30
30
24
0
0
14
24
14
39
39
14
39
39
39
7
6
6
33
33
13
13
43
7
20
24
35
32
8
8
8
3
3
3
18
18
18
18
18
32
48
32
12
47
37
20
42
27
27
27
27
27
34
21
1
1
1
9
9
24
24
37
37
26
37
26
49
4
4
4
11
11
28
28
28
28
47
24
32
37
47
31
40
10
40
10
40
10
2
5
15
15
23
23
47
20
47
20
47
32
7
37
7
39
7
7